PointerListLen: 11 | WindowListLen: 2048 
succeed load RHT
Time used = 0.12
3069 65
479 15
171 10
---
267 11
1 9
97 8
---
145 11
0 11
207 10
---
996 218
995 22
252 11
---
2406 58
2407 49
1400 9
---
395 13
941 11
4 9
---
80 19
378 16
1311 13
---
772 159
773 74
417 16
---
4271 24
4270 14
203 9
---
119 12
410 11
452 8
---
29 10
417 10
84 9
---
1809 90
1810 19
158 9
---
948 107
949 33
199 10
---
974 10
248 9
464 8
---
82 9
482 8
1065 8
---
870 178
249 10
26 10
---
4200 39
4199 13
86 10
---
466 13
109 11
901 9
---
97 11
4 10
527 10
---
2252 78
2251 16
251 11
---
2211 50
2210 42
5 11
---
56 13
127 12
44 10
---
27 14
67 13
5 13
---
25 247
24 80
0 13
---
2772 65
2773 47
387 10
---
430 8
359 7
69 7
---
73 19
0 18
71 17
---
1614 89
1615 87
30 10
---
1721 91
0 11
199 11
---
32 15
546 11
952 10
---
49 10
66 9
821 9
---
2396 70
2395 48
59 9
---
3717 36
162 10
70 9
---
69 13
255 10
441 9
---
8 12
0 10
241 10
---
1858 112
1859 31
0 13
---
2501 63
48 14
241 10
---
44 12
130 11
3 10
---
134 9
254 8
80 8
---
257 130
258 83
414 9
---
771 146
204 11
767 8
---
173 11
849 9
376 8
---
334 16
298 11
593 10
---
297 140
298 75
20 14
---
4117 32
4118 16
283 12
---
242 9
59 9
174 8
---
0 12
674 9
1744 9
---
1871 77
1870 30
197 10
---
2946 82
240 9
555 8
---
28 10
209 9
794 9
---
0 11
65 11
1 9
---
1710 46
64 13
805 11
---
1442 155
137 11
652 10
---
5 11
311 10
40 10
---
134 12
0 10
142 9
---
446 204
445 63
215 16
---
135 158
136 67
120 10
---
434 10
127 10
32 10
---
388 11
5 10
92 10
---
2128 89
50 14
35 12
---
3661 48
356 10
3 9
---
69 13
794 11
319 11
---
194 10
239 9
84 9
---
684 176
600 11
280 10
---
2583 47
497 12
321 12
---
75 14
445 10
30 10
---
348 11
1212 9
297 8
---
1719 108
673 8
472 8
---
1504 85
1503 63
117 9
---
183 12
71 10
216 10
---
50 11
33 11
73 10
---
1056 129
1057 49
202 11
---
3957 64
3958 13
16 12
---
71 11
1127 10
189 9
---
629 16
0 10
115 9
---
2804 91
2803 37
165 10
---
3487 53
3486 36
35 11
---
141 12
0 11
189 10
---
117 13
35 13
193 11
---
491 160
490 66
101 12
---
2616 85
273 13
36 11
---
163 11
481 10
53 9
---
38 10
100 9
754 9
---
2258 69
85 11
990 10
---
4740 47
73 13
245 11
---
170 10
417 10
30 9
---
0 12
11 10
92 8
---
3865 96
3866 38
218 9
---
1626 45
1627 43
62 14
---
725 14
107 13
44 11
---
263 11
69 9
829 9
---
3910 56
3909 18
338 8
---
76 223
48 12
40 10
---
67 14
7 11
303 10
---
500 11
137 10
407 9
---
3032 96
50 10
45 10
---
4621 40
4622 17
17 12
---
28 11
22 11
406 10
---
394 11
258 10
69 10
---
2791 48
2792 28
377 11
---
3570 37
160 16
3571 13
---
163 13
126 12
85 12
---
10 13
265 10
400 10
---
4304 61
32 14
35 11
---
1789 139
42 11
414 10
---
534 11
1982 10
91 9
---
415 13
11 11
100 10
---
1920 109
1919 30
0 11
---
4732 46
4731 12
336 10
---
302 12
82 11
339 10
---
27 11
134 8
349 8
---
4458 27
4459 14
1037 8
---
2345 36
2346 24
24 11
---
72 8
23 8
124 8
---
130 13
9 12
212 8
---
624 132
625 11
1478 9
---
2875 71
200 13
92 12
---
112 11
27 10
1449 9
---
86 15
109 12
22 12
---
4495 40
4494 21
61 11
---
4693 40
4694 21
69 13
---
319 10
16 9
12 9
---
3 12
314 10
47 10
---
843 74
844 67
63 13
---
4407 19
4408 11
5 11
---
245 9
10 8
169 8
---
108 11
35 8
155 7
---
1392 94
1391 87
468 10
---
264 212
265 37
37 14
---
390 11
170 11
642 11
---
953 11
78 9
414 9
---
3673 46
3672 43
173 9
---
2328 71
129 11
95 11
---
332 10
499 10
14 9
---
93 10
42 10
81 10
---
3126 49
3127 33
112 10
---
1811 126
1810 21
92 12
---
238 14
270 13
0 12
---
0 13
106 11
163 10
---
1626 102
1625 97
277 10
---
2643 82
2642 43
44 8
---
163 10
49 9
82 8
---
0 15
66 10
3 10
---
1995 96
855 11
250 11
---
4197 59
50 16
66 13
---
47 12
0 12
194 10
---
50 12
57 11
62 11
---
1050 94
1051 85
1 11
---
3002 64
3003 29
0 15
---
138 11
949 9
107 9
---
185 10
618 10
8 10
---
3149 72
3148 38
0 13
---
50 180
49 54
5 12
---
27 12
175 11
675 10
---
548 9
252 9
680 8
---
1637 143
1636 28
393 12
---
3636 46
3637 18
106 12
---
67 16
66 11
98 11
---
62 9
261 9
235 8
---
3886 67
83 12
4 10
---
4334 64
8 13
838 8
---
130 11
388 9
105 9
---
18 13
284 12
9 12
---
4097 42
4098 14
579 10
---
462 242
461 26
336 9
---
397 9
456 8
82 8
---
69 11
117 10
42 10
---
402 51
403 47
92 16
---
3963 68
35 13
3962 11
---
179 11
87 10
133 8
---
422 10
1009 9
38 9
---
4799 29
134 11
25 10
---
1004 78
1003 33
11 12
---
463 12
246 10
907 10
---
152 13
564 13
21 12
---
1413 98
1411 13
1410 13
---
3936 50
69 12
43 9
---
233 12
1471 11
8 10
---
228 12
182 11
592 9
---
957 117
958 37
1 11
---
2059 111
2058 59
29 13
---
138 12
53 11
289 11
---
48 11
1198 9
603 9
---
1263 134
1262 15
74 11
---
1243 117
767 11
73 11
---
73 11
671 9
162 8
---
304 14
69 11
266 10
---
776 50
2483 36
2482 23
---
4784 23
50 14
60 12
---
45 12
28 12
583 9
---
245 10
106 8
67 8
---
2931 47
2930 33
461 10
---
4045 40
47 16
3 16
---
60 11
78 10
318 10
---
0 10
168 9
421 9
---
3967 38
3966 15
1046 11
---
4238 26
4239 22
58 9
---
73 10
446 10
517 9
---
239 11
68 11
280 10
---
1064 75
1065 52
476 10
---
4755 54
35 12
417 12
---
73 9
695 9
28 8
---
555 11
16 9
213 9
---
1166 98
1165 36
70 8
---
2618 39
2619 38
640 14
---
57 11
37 10
185 10
---
74 12
663 10
673 10
---
4795 71
5 12
96 12
---
329 75
289 72
330 45
---
1160 51
1254 10
420 9
---
64 13
81 10
189 9
---
1260 137
32 15
275 13
---
3330 52
3329 36
8 14
---
431 11
63 8
413 8
---
42 14
3 13
0 12
---
3322 32
3321 19
57 12
---
3587 113
3586 16
299 13
---
673 14
29 11
311 10
---
273 10
73 9
1612 9
---
3979 42
637 11
174 10
---
1066 151
1065 19
42 9
---
241 10
359 10
743 10
---
41 11
20 10
583 9
---
3814 43
3813 23
82 11
---
739 101
738 37
109 11
---
284 12
43 12
39 11
---
471 10
533 10
97 9
---
131 124
132 109
62 10
---
104 197
105 42
32 10
---
163 9
20 8
45 7
---
31 10
53 9
201 9
---
4125 57
4124 34
170 11
---
224 140
223 61
714 6
---
2671 104
2670 34
37 8
---
111 11
35 9
1291 8
---
1860 193
1859 17
392 9
---
2049 103
547 10
68 10
---
302 10
200 10
35 9
---
52 22
58 11
31 10
---
2261 83
63 11
74 10
---
2664 54
2665 13
0 11
---
779 10
2 8
74 6
---
52 11
430 11
59 10
---
3931 56
3930 36
29 11
---
1320 173
137 10
1003 8
---
93 9
67 9
320 8
---
66 12
3 10
11 10
---
2647 64
240 10
375 10
---
2080 157
264 15
858 10
---
198 9
440 9
633 9
---
98 11
240 10
295 9
---
919 129
73 12
506 11
---
2089 75
131 12
162 12
---
215 13
548 10
139 10
---
71 18
31 15
89 11
---
3168 35
3169 24
58 14
---
406 153
407 66
9 9
---
214 9
70 9
27 8
---
86 13
0 12
91 10
---
1296 79
1295 74
85 12
---
4695 42
711 9
180 9
---
617 10
460 9
16 9
---
480 14
473 9
46 9
---
1550 74
1549 65
852 11
---
881 134
880 103
104 11
---
94 12
470 11
109 10
---
266 9
322 9
315 9
---
1589 39
1588 24
53 12
---
2755 69
171 12
59 12
---
0 12
181 11
141 11
---
84 11
37 10
497 10
---
3638 28
3637 17
172 12
---
3168 94
698 11
432 11
---
582 13
31 12
23 11
---
84 13
16 12
185 11
---
639 184
638 18
500 13
---
1597 147
1596 16
178 9
---
61 13
228 11
42 11
---
712 10
44 9
547 7
---
2983 39
2984 18
40 12
---
1017 102
1018 36
133 15
---
77 12
146 12
36 11
---
361 10
371 9
442 8
---
217 209
30 9
234 8
---
3790 66
761 8
138 8
---
400 10
593 8
217 8
---
52 14
240 11
42 11
---
651 142
650 58
172 11
---
855 162
60 13
35 12
---
26 13
28 12
478 12
---
30 12
0 12
68 10
---
1673 128
60 11
352 10
---
243 206
242 74
238 11
---
28 14
74 13
468 12
---
2670 52
2669 31
59 9
---
225 129
552 8
224 8
---
3025 60
3024 10
378 9
---
22 9
193 8
440 8
---
68 10
111 10
188 9
---
2954 39
2955 26
73 14
---
2279 42
2278 28
210 10
---
3 13
230 10
187 9
---
9 11
69 10
431 8
---
2180 94
2179 44
157 10
---
2468 100
2469 42
200 12
---
203 12
0 11
492 10
---
32 11
469 9
1032 9
---
1179 131
86 12
99 9
---
4550 84
4549 24
507 13
---
79 11
47 11
181 10
---
33 10
50 10
130 8
---
706 128
705 64
65 11
---
2976 71
2977 27
0 16
---
244 12
1 11
45 11
---
176 13
1293 12
16 11
---
2135 49
2136 43
239 10
---
2554 47
2553 45
25 11
---
44 11
8 11
236 10
---
47 12
157 11
141 11
---
888 98
887 64
93 10
---
4102 74
0 14
70 13
---
397 15
77 10
70 10
---
2672 87
2671 46
2456 6
---
223 201
222 36
675 6
---
1899 145
1900 30
336 14
---
372 14
29 11
662 10
---
112 11
64 11
878 10
---
162 143
163 95
111 16
---
1324 201
69 13
44 11
---
71 13
32 12
160 10
---
290 10
217 10
494 9
---
4330 51
4329 29
48 16
---
1149 102
1148 26
42 11
---
0 11
5 11
457 10
---
199 15
185 10
418 9
---
2628 103
45 13
666 12
---
3101 129
0 11
1054 9
---
196 13
151 12
324 10
---
628 10
507 10
41 9
---
4149 31
4150 17
261 11
---
1546 96
241 10
575 10
---
73 12
319 11
272 10
---
8 11
237 10
47 10
---
554 178
555 108
32 11
---
1280 148
1281 16
0 15
---
83 12
320 8
95 8
---
13 12
465 10
268 10
---
3352 54
3353 51
219 11
---
742 184
743 30
55 12
---
0 16
19 15
523 15
---
377 10
29 8
391 8
---
2363 105
2362 21
157 11
---
2063 92
2062 30
0 10
---
58 8
73 8
417 8
---
74 9
122 9
84 9
---
1457 162
1456 30
52 10
---
3235 65
57 14
186 12
---
76 16
35 14
73 13
---
432 14
324 12
182 11
---
965 107
966 96
98 11
---
3859 94
3858 20
341 11
---
753 8
156 8
155 8
---
40 11
218 10
241 9
---
293 108
294 82
72 10
---
165 184
166 37
468 10
---
579 10
177 10
162 9
---
87 12
182 11
254 9
---
4406 60
4405 21
365 13
---
3826 31
3827 17
110 13
---
74 12
3 11
10 11
---
8 12
598 11
2 11
---
1469 97
1470 54
38 12
---
4772 39
67 17
0 11
---
72 12
45 10
378 10
---
60 11
10 11
672 10
---
3895 94
3896 21
0 11
---
139 144
140 37
8 18
---
59 11
340 9
281 9
---
49 17
172 13
473 11
---
672 148
6 13
143 12
---
987 140
986 32
25 14
---
185 16
675 11
160 9
---
484 11
302 11
1084 10
---
560 118
561 63
405 9
---
955 144
954 86
478 12
---
267 12
284 10
130 10
---
816 10
1510 8
398 8
---
2014 117
431 10
60 10
---
2105 47
2106 28
40 16
---
5 14
133 14
47 11
---
27 10
705 9
219 9
---
1472 121
1471 12
85 9
---
1286 62
1285 19
0 10
---
0 8
813 8
674 7
---
203 13
783 11
1 9
---
231 158
49 10
338 9
---
4215 55
109 11
9 10
---
70 12
81 12
185 11
---
154 10
574 10
319 9
---
765 251
405 11
44 11
---
3377 68
3376 21
948 9
---
221 9
185 9
443 9
---
290 8
393 8
880 8
---
1333 144
10 11
1334 10
---
1774 70
1773 23
3 9
---
319 8
215 8
750 8
---
70 17
183 9
1762 9
---
2094 130
29 18
336 15
---
132 242
131 58
0 9
---
0 9
307 8
1212 8
---
246 11
6 11
14 11
---
1372 97
1373 26
181 14
---
3356 75
3357 30
700 11
---
23 12
827 9
209 8
---
124 10
286 9
77 8
---
1912 112
1911 20
267 10
---
1196 61
112 11
50 10
---
522 10
497 9
278 9
---
29 13
0 13
6 13
---
3268 57
29 10
230 9
---
741 73
740 57
2 9
---
25 15
692 9
464 9
---
57 9
546 9
705 8
---
776 48
2482 40
2483 33
---
1105 111
131 9
171 8
---
27 14
158 12
95 11
---
468 9
456 9
606 8
---
3218 90
19 11
308 10
---
1578 145
1579 15
52 12
---
27 12
93 9
400 9
---
112 12
563 11
57 11
---
177 175
399 9
77 9
---
3608 47
60 10
318 10
---
23 11
18 11
47 11
---
512 9
528 7
204 7
---
1728 118
400 11
187 9
---
4540 33
4539 22
13 11
---
47 12
3 11
176 10
---
1201 11
35 10
458 9
---
4194 44
4195 25
68 9
---
3579 33
59 14
468 12
---
131 9
0 9
811 8
---
102 11
1137 10
396 9
---
487 183
488 54
187 12
---
4765 54
4764 15
339 10
---
874 8
843 8
299 8
---
118 14
57 13
112 13
---
623 95
624 94
313 12
---
4815 36
4814 25
417 11
---
170 10
544 9
883 8
---
33 10
131 9
56 8
---
3252 63
45 10
317 9
---
1015 122
28 12
354 12
---
50 14
398 11
118 11
---
127 12
129 11
11 10
---
3733 103
3734 33
129 12
---
104 130
105 15
274 10
---
381 7
33 7
1390 7
---
25 10
7 10
584 9
---
2602 52
2601 19
52 11
---
3402 16
3403 16
185 11
---
3 11
95 10
274 10
---
283 13
487 11
129 10
---
1079 145
1078 45
1176 10
---
2898 83
2899 54
165 12
---
411 11
176 11
437 10
---
2 13
120 10
2644 10
---
2947 41
2948 32
26 12
---
923 128
922 74
31 7
---
128 10
766 10
152 8
---
73 13
682 8
0 8
---
2974 42
577 12
163 10
---
3779 57
67 14
244 11
---
1365 10
214 9
70 9
---
35 11
5 9
726 9
---
4006 98
173 13
67 12
---
2575 90
400 10
2574 10
---
29 10
277 10
23 9
---
409 13
3 12
192 12
---
1697 73
1698 27
433 11
---
2870 74
35 12
202 11
---
141 11
601 8
989 8
---
74 14
242 12
460 10
---
4401 29
96 12
57 11
---
1882 107
735 12
985 8
---
430 12
300 9
0 9
---
84 12
24 11
173 11
---
3744 68
692 13
9 12
---
4138 60
4139 16
172 16
---
73 12
1009 10
38 10
---
339 10
18 9
312 9
---
3186 71
3185 9
94 8
---
4615 18
4614 16
579 13
---
1088 10
37 9
1008 9
---
0 12
24 10
275 10
---
1266 84
1265 67
9 10
---
4701 68
261 10
440 10
---
25 14
772 10
18 9
---
52 11
436 10
24 10
---
1856 82
1855 25
400 10
---
2514 126
66 9
98 9
---
31 13
26 12
133 11
---
344 13
139 8
524 8
---
3027 61
3026 12
42 11
---
41 168
40 54
219 12
---
0 10
506 8
144 8
---
71 15
46 13
0 12
---
430 104
429 83
240 14
---
1747 130
540 9
187 9
---
500 10
273 9
69 9
---
63 9
602 8
69 7
---
436 163
2153 11
35 9
---
3579 30
3580 19
21 11
---
26 11
403 9
121 8
---
73 14
554 11
38 9
---
2763 65
417 14
92 10
---
2426 111
2425 67
43 10
---
1153 9
592 8
748 8
---
100 9
0 9
185 8
---
2474 49
2473 18
525 9
---
2167 53
2168 40
25 11
---
75 11
478 11
60 9
---
82 11
89 9
441 9
---
1753 77
1752 68
0 10
---
2657 52
2658 37
150 12
---
181 11
52 10
1330 9
---
398 10
307 10
97 9
---
4801 24
4800 14
98 14
---
128 158
0 12
1951 9
---
60 10
19 8
149 8
---
127 11
452 11
202 10
---
1792 110
76 14
35 13
---
2061 65
60 8
42 8
---
186 11
50 9
38 9
---
111 13
8 13
71 12
---
4201 33
4200 31
117 11
---
175 148
174 27
144 12
---
408 11
324 9
18 9
---
73 13
110 11
22 10
---
1766 87
1765 27
98 10
---
2737 51
443 12
2738 11
---
270 10
362 9
73 9
---
172 16
98 15
237 14
---
564 127
565 67
422 12
---
371 145
213 10
383 10
---
62 12
152 10
131 9
---
45 8
107 8
69 8
---
2176 51
2175 48
68 9
---
1526 115
1525 24
40 9
---
119 16
71 11
1258 10
---
71 9
0 9
32 9
---
2590 28
2591 20
31 12
---
403 121
404 72
29 13
---
472 11
464 11
384 11
---
526 9
202 8
151 8
---
754 161
753 31
529 10
---
1651 68
1652 30
398 15
---
645 9
64 9
112 9
---
5 11
59 9
8 8
---
1429 118
1430 105
42 10
---
1288 142
15 11
99 11
---
230 11
763 11
154 10
---
430 15
240 11
317 10
---
3320 73
457 12
97 11
---
1590 106
8 12
92 11
---
240 13
241 12
37 11
---
244 13
127 10
469 10
---
610 93
611 36
50 11
---
3387 72
528 11
409 11
---
57 13
9 13
683 11
---
113 14
112 10
42 9
---
4305 21
89 13
163 13
---
3396 66
3395 13
435 7
---
27 10
1 9
396 9
---
0 15
254 13
285 11
---
2658 43
2657 30
400 12
---
1658 139
1659 19
57 12
---
846 11
496 10
328 9
---
739 15
75 12
0 11
---
1404 91
1403 15
6 11
---
4808 58
771 11
394 8
---
68 15
4 10
0 9
---
499 10
624 8
339 8
---
2795 99
98 11
173 9
---
1863 74
1864 23
175 10
---
70 11
189 10
184 9
---
28 12
568 9
103 9
---
4597 33
4596 25
34 10
---
1856 64
1855 44
391 9
---
400 9
64 9
1 8
---
377 12
426 11
115 10
---
4009 62
18 15
0 14
---
958 141
959 21
171 10
---
5 17
662 10
233 10
---
275 11
8 10
0 10
---
683 200
682 41
8 12
---
2673 87
2672 68
1696 8
---
222 285
5 12
544 7
---
422 10
31 9
4 9
---
4491 62
4490 18
458 12
---
1820 99
1819 18
84 16
---
109 13
716 11
58 10
---
441 15
274 12
533 11
---
2438 104
2437 12
258 12
---
2404 108
21 13
281 12
---
603 11
199 11
380 11
---
111 12
410 10
531 10
---
4561 35
400 12
35 11
---
2189 164
633 11
141 11
---
520 12
69 10
858 10
---
284 11
93 10
68 10
---
4405 17
116 12
19 11
---
4148 39
246 14
16 13
---
69 12
76 11
336 10
---
427 9
341 9
174 9
---
923 166
85 10
922 9
---
234 154
226 25
70 14
---
0 9
35 8
695 8
---
172 10
211 10
0 10
---
1518 89
1517 67
141 9
---
861 144
862 39
451 12
---
51 13
632 11
434 11
---
1951 15
203 10
65 10
---
2893 48
93 17
45 15
---
3772 39
3773 12
2530 9
---
64 23
19 9
113 9
---
66 11
500 10
143 10
---
1331 112
129 11
0 10
---
4469 49
1568 11
1106 11
---
3 11
89 10
192 10
---
668 11
248 11
312 10
---
1455 73
1454 64
623 10
---
4224 76
748 11
297 10
---
89 9
489 9
647 8
---
1119 8
1056 8
110 8
---
4575 35
4576 16
655 9
---
1892 159
70 15
297 10
---
286 13
556 12
69 10
---
250 16
22 12
569 11
---
2208 49
2209 22
240 12
---
1496 74
3691 25
520 12
---
639 10
365 9
133 9
---
5 13
0 13
3 10
---
3550 51
215 12
48 10
---
80 227
72 12
58 11
---
3 12
118 9
77 9
---
368 9
588 9
1096 8
---
2817 71
2816 13
15 12
---
3550 40
3549 14
86 12
---
75 10
5 10
95 8
---
238 11
158 11
74 9
---
343 199
342 95
58 9
---
3562 76
42 11
0 10
---
689 12
39 9
0 9
---
132 13
84 12
0 10
---
3571 37
160 14
273 13
---
1800 97
394 11
248 9
---
3 11
544 10
0 10
---
536 10
71 10
91 10
---
1040 121
1041 47
241 13
---
667 51
666 46
160 13
---
141 14
0 14
134 8
---
62 10
320 9
267 9
---
4567 85
406 12
467 10
---
1339 56
147 9
527 9
---
205 12
94 9
2 8
---
48 14
38 14
32 11
---
3515 47
119 11
163 10
---
2494 75
2495 12
22 11
---
517 7
130 7
865 7
---
72 10
29 9
753 9
---
1442 108
1441 31
3 13
---
2149 52
2148 44
52 12
---
279 11
501 10
62 10
---
409 14
420 11
201 10
---
785 120
786 29
60 11
---
3123 74
95 10
92 9
---
73 11
554 8
738 8
---
63 11
16 11
461 10
---
591 121
592 93
578 13
---
1980 62
1981 28
210 10
---
500 10
34 9
173 9
---
316 8
220 8
547 8
---
779 136
780 12
664 10
---
284 285
79 12
183 12
---
52 15
561 13
35 12
---
53 10
380 7
137 7
---
4770 18
317 12
2714 8
---
2346 72
2345 11
302 9
---
8 9
192 8
154 8
---
439 10
264 10
238 10
---
4020 48
32 12
42 10
---
2532 64
2531 28
0 12
---
5 11
268 11
0 10
---
152 9
33 8
252 8
---
3321 70
569 10
3322 9
---
1072 153
1071 92
82 13
---
2 12
248 9
378 8
---
395 10
91 10
98 9
---
2691 34
2692 27
142 10
---
4644 57
3864 10
195 9
---
181 9
3080 9
153 8
---
22 12
51 12
86 11
---
740 166
0 15
631 14
---
2507 46
38 12
116 12
---
73 9
253 9
80 9
---
597 8
247 8
84 8
---
164 157
163 17
93 13
---
1715 77
1716 24
1717 24
---
121 8
507 8
485 8
---
187 9
388 8
21 8
---
414 158
415 52
245 9
---
413 101
60 13
44 10
---
74 11
498 9
534 8
---
63 13
0 10
81 9
---
615 133
614 86
334 15
---
1697 94
1696 57
233 10
---
285 11
182 11
463 11
---
189 11
888 10
245 9
---
613 149
614 16
73 9
---
2854 73
32 15
74 12
---
362 12
242 11
1485 10
---
0 17
21 13
149 11
---
4781 31
4780 13
980 9
---
177 213
178 68
94 12
---
423 10
955 9
321 8
---
39 13
55 12
163 11
---
210 176
211 42
556 11
---
1107 145
238 10
96 10
---
541 9
772 9
46 8
---
16 10
199 9
71 8
---
2071 118
2070 11
3 10
---
2935 59
2936 28
72 10
---
57 11
418 10
614 10
---
8 10
219 9
421 8
---
4294 25
0 12
4293 9
---
4480 31
4479 21
183 13
---
208 12
104 10
281 9
---
92 10
179 8
956 8
---
2162 102
267 10
159 9
---
1683 114
169 11
232 9
---
235 16
922 10
693 9
---
138 12
171 10
134 10
---
3211 30
3212 22
203 12
---
3206 102
652 9
347 8
---
0 13
1315 10
57 9
---
682 12
130 12
272 12
---
2273 53
2274 28
45 12
---
4202 42
160 12
338 10
---
71 12
0 11
452 9
---
274 8
750 7
1456 7
---
953 121
952 14
33 10
---
1633 135
56 12
248 11
---
0 13
22 9
1056 9
---
272 9
474 8
284 8
---
733 105
734 49
230 10
---
1745 112
1744 22
382 10
---
70 11
416 10
215 10
---
1208 10
69 9
221 9
---
2094 146
396 12
626 9
---
4049 31
4048 12
409 12
---
173 12
0 11
950 9
---
1839 10
130 10
199 10
---
1254 143
63 15
384 11
---
4552 54
48 10
597 10
---
3 10
45 9
3029 9
---
170 10
111 9
148 8
---
1946 67
1945 33
249 12
---
137 116
138 50
11 13
---
66 13
270 9
348 9
---
94 9
123 9
50 8
---
2663 101
2664 11
466 9
---
2049 54
1160 40
2048 19
---
288 96
159 9
46 9
---
235 10
379 9
93 9
---
1116 166
1117 20
13 12
---
4082 36
4081 20
0 15
---
159 11
216 11
62 11
---
2 9
74 9
70 8
---
3871 47
3870 35
176 9
---
3516 53
3515 33
365 10
---
81 10
57 10
601 9
---
111 10
724 10
426 9
---
4034 44
4 12
74 11
---
3022 52
45 12
41 10
---
71 10
248 9
26 9
---
0 13
319 8
845 8
---
1215 97
1214 90
42 10
---
3117 104
3118 20
70 11
---
31 10
1447 9
539 9
---
175 11
384 11
596 10
---
694 198
0 11
141 10
---
149 93
148 73
35 11
---
14 11
76 10
187 10
---
73 16
468 15
37 13
---
1454 80
1453 52
0 16
---
1729 102
1207 10
297 10
---
6 13
427 11
386 10
---
235 12
386 11
406 10
---
1647 74
1648 22
203 10
---
2892 36
2893 19
57 17
---
400 12
140 11
160 11
---
160 13
57 12
314 11
---
72 230
34 10
0 10
---
1228 51
1227 29
175 12
---
0 14
186 11
67 10
---
0 10
1499 8
43 8
---
998 89
999 77
450 10
---
2867 55
2868 52
28 16
---
246 14
244 13
185 11
---
235 11
188 10
275 10
---
2159 94
2160 32
0 10
---
2882 52
2886 34
2887 12
---
28 12
73 10
238 9
---
433 10
41 9
654 9
---
2422 40
2421 33
79 11
---
1706 92
402 15
228 11
---
661 13
516 10
83 9
---
0 13
231 11
311 10
---
422 145
108 14
98 11
---
1145 100
1144 27
60 16
---
277 11
342 10
458 9
---
347 9
274 9
18 8
---
355 163
249 10
252 9
---
1059 148
479 9
10 9
---
1175 11
92 9
983 9
---
0 13
1377 8
2272 7
---
1379 76
1378 62
242 13
---
3500 39
3499 36
609 10
---
88 9
28 8
80 8
---
93 11
688 11
799 10
---
24 195
23 39
164 10
---
2272 107
2271 17
112 10
---
928 12
468 9
246 9
---
418 9
339 8
165 8
---
2138 75
2137 18
0 10
---
3797 39
3798 32
131 9
---
127 12
26 12
202 11
---
129 10
66 9
108 9
---
4035 54
4034 26
73 12
---
2513 89
140 12
250 9
---
23 11
736 10
21 9
---
310 12
110 9
0 8
---
1178 180
1177 12
485 11
---
871 85
872 52
33 12
---
46 11
13 10
123 9
---
0 14
21 8
177 8
---
3740 49
48 10
74 10
---
733 65
732 31
492 9
---
42 11
195 9
262 8
---
267 11
207 9
238 9
---
196 198
197 52
48 11
---
3030 29
1867 12
3031 11
---
90 10
238 10
131 8
---
384 11
108 9
285 8
---
2952 48
29 12
248 10
---
4644 57
307 12
2775 10
---
238 8
185 7
120 7
---
69 10
396 10
778 8
---
3929 43
351 24
372 8
---
4015 86
101 9
79 9
---
58 13
5 11
526 10
---
0 11
70 10
187 10
---
1920 113
1919 12
69 11
---
826 138
827 13
423 12
---
2 15
240 14
160 13
---
9 10
159 9
986 9
---
3198 73
3199 23
58 10
---
559 102
558 75
168 11
---
56 10
821 10
539 10
---
651 11
176 10
496 10
---
1117 155
1116 20
65 12
---
349 76
350 41
3927 32
---
272 11
643 11
13 10
---
277 13
725 12
95 12
---
3392 24
3391 23
684 16
---
153 330
247 9
973 9
---
409 13
14 12
0 12
---
510 9
1624 8
142 8
---
3335 60
3334 20
289 11
---
699 193
700 21
500 11
---
97 14
183 12
505 10
---
98 12
203 11
209 11
---
3717 57
418 12
74 10
---
2260 107
29 13
187 13
---
1088 12
89 12
44 11
---
300 49
16 10
117 8
---
4682 66
301 11
242 9
---
3304 80
106 11
77 11
---
2 11
47 11
28 11
---
284 17
3 14
31 14
---
3038 85
3039 26
417 14
---
2820 80
2821 40
868 9
---
565 9
35 8
70 8
---
223 208
224 70
772 8
---
2671 158
2672 12
1492 10
---
3022 107
8 17
3023 14
---
78 12
411 11
137 10
---
92 9
985 9
96 9
---
1977 54
1978 47
101 8
---
4454 69
4455 42
29 13
---
124 13
58 12
840 10
---
451 10
630 10
93 10
---
3897 44
3896 38
561 10
---
4553 37
155 11
269 9
---
166 13
26 12
28 10
---
350 11
242 10
423 9
---
2501 38
2500 28
66 15
---
2224 93
2225 22
241 12
---
527 13
0 11
336 10
---
53 13
371 12
163 12
---
618 163
23 11
79 10
---
997 87
998 55
140 14
---
31 12
1013 7
712 7
---
18 11
6 8
2438 8
---
3976 36
3977 31
193 10
---
2011 66
2012 40
361 11
---
113 11
42 10
667 10
---
93 10
5 10
64 9
---
3232 32
3233 29
632 10
---
1623 109
1624 13
182 11
---
729 9
1007 8
467 8
---
313 8
135 8
43 8
---
4039 42
4038 17
3 12
---
2083 50
2084 18
141 11
---
56 13
26 10
174 10
---
1481 12
39 10
149 9
---
4186 41
4187 38
564 8
---
3775 73
16 11
358 11
---
35 13
157 13
10 11
---
59 10
1504 8
200 8
---
1713 100
1712 94
65 10
---
2722 60
2723 13
109 12
---
20 10
657 10
56 10
---
55 12
346 10
437 8
---
3409 62
3408 28
401 10
---
3876 96
3877 17
66 12
---
270 10
58 9
478 8
---
7 14
31 13
0 13
---
4220 32
77 11
284 10
---
4267 92
47 12
0 12
---
316 13
88 11
334 11
---
0 18
297 12
258 11
---
3878 77
415 12
334 12
---
4389 33
4388 29
23 11
---
160 9
368 9
0 9
---
3 12
66 12
823 10
---
4057 49
172 12
95 12
---
2379 51
2378 50
274 9
---
63 9
514 8
419 8
---
87 9
185 9
35 9
---
3258 48
864 10
0 9
---
2293 56
2292 33
283 12
---
541 9
505 7
1868 7
---
303 13
806 9
110 9
---
1124 198
95 12
212 11
---
2870 72
2871 25
455 8
---
3347 30
387 10
441 8
---
0 9
274 9
24 9
---
1497 41
1496 19
79 11
---
2269 88
2268 35
72 13
---
74 12
49 10
241 10
---
63 12
6 11
100 9
---
4726 45
4727 11
165 11
---
795 99
794 96
480 10
---
311 11
213 9
41 8
---
30 13
38 10
115 9
---
3697 62
470 16
239 10
---
3004 63
3003 17
84 9
---
53 9
0 9
29 9
---
76 12
1303 11
32 11
---
1303 137
57 16
0 10
---
4064 31
552 10
208 9
---
150 9
32 9
590 9
---
485 10
167 10
275 10
---
2425 64
47 11
5 10
---
3755 45
3754 23
24 10
---
19 8
82 8
94 7
---
520 13
2 10
72 9
---
1945 62
115 8
941 8
---
1301 118
1302 23
106 8
---
575 9
36 8
882 7
---
140 9
248 8
1479 8
---
329 85
4632 80
295 40
---
864 208
214 15
73 13
---
0 14
432 9
731 9
---
65 11
564 10
35 10
---
1876 74
1875 31
172 12
---
1249 84
1250 51
104 13
---
114 11
88 11
102 10
---
277 9
145 9
187 9
---
2665 75
91 10
1678 10
---
2737 87
172 11
2736 10
---
73 11
461 10
406 9
---
8 11
6 10
73 9
---
4067 27
4068 26
160 12
---
499 123
498 25
411 13
---
8 19
36 8
72 8
---
427 8
115 7
557 7
---
1973 63
1974 25
422 11
---
448 262
449 21
1684 8
---
97 9
1103 8
491 8
---
949 9
405 9
1237 9
---
4429 41
246 12
789 11
---
990 132
989 26
0 11
---
173 12
543 11
158 10
---
67 10
710 9
57 9
---
3217 74
3216 59
134 14
---
108 125
109 33
0 13
---
16 13
8 12
28 11
---
45 12
11 12
34 10
---
2121 42
2120 23
0 14
---
1157 99
1158 62
92 13
---
79 8
215 8
115 8
---
231 11
29 10
122 10
---
4765 45
4766 32
70 15
---
351 174
352 55
152 12
---
386 14
69 9
441 9
---
160 19
0 16
76 14
---
814 111
138 15
172 13
---
2205 74
2206 32
272 11
---
1331 11
367 10
28 10
---
311 9
297 9
68 8
---
534 138
533 23
262 10
---
4219 27
4218 19
9 12
---
277 12
57 12
253 11
---
85 11
47 10
9 10
---
4552 50
80 11
38 10
---
2584 71
91 16
50 9
---
468 11
200 10
93 10
---
392 10
36 9
552 8
---
3782 73
3781 17
321 11
---
4220 60
659 9
43 9
---
0 14
169 13
7 10
---
71 13
20 13
89 12
---
3780 63
3781 22
57 11
---
3660 84
3659 9
422 8
---
625 10
94 8
766 7
---
250 9
155 8
0 8
---
4531 28
1 11
340 9
---
2943 46
2942 42
493 8
---
393 10
592 9
42 9
---
147 9
65 9
354 9
---
3067 82
3068 14
74 10
---
3775 29
3774 14
219 12
---
1229 10
250 10
465 9
---
127 12
67 12
400 11
---
897 78
898 12
65 11
---
1787 97
1786 26
431 10
---
650 10
47 9
507 9
---
7 12
78 12
483 10
---
544 119
543 59
0 16
---
4572 21
527 10
4573 10
---
248 12
5 12
43 10
---
92 11
181 10
763 10
---
2727 38
2726 31
685 12
---
3932 43
3931 38
74 11
---
138 16
547 11
70 11
---
106 12
510 11
464 11
---
2708 79
2709 33
83 11
---
4367 67
296 9
524 9
---
263 10
281 9
133 8
---
249 13
4 12
32 12
---
554 109
555 108
77 12
---
2750 30
2751 30
35 10
---
21 12
119 12
81 10
---
500 9
40 9
242 8
---
2020 109
52 10
68 8
---
1981 104
240 13
216 13
---
237 11
71 11
765 10
---
222 257
438 6
2179 6
---
2672 98
2673 60
1266 9
---
1807 87
1806 46
27 14
---
507 12
99 10
459 10
---
128 10
337 9
200 9
---
3538 39
3537 36
35 13
---
558 135
557 20
398 11
---
29 10
530 9
218 9
---
145 16
76 9
251 9
---
4138 41
57 14
0 13
---
4457 37
54 13
0 12
---
141 12
67 11
1015 11
---
95 10
44 9
478 9
---
65 141
66 27
663 10
---
354 131
353 50
396 13
---
18 13
1400 11
0 11
---
179 11
3 9
630 8
---
2477 67
2476 32
80 11
---
3130 14
2 11
3131 10
---
576 11
144 11
93 11
---
112 11
0 11
748 7
---
3660 41
3659 23
575 11
---
2132 137
71 17
135 11
---
38 13
274 12
64 12
---
92 14
165 13
2 9
---
925 59
926 42
772 14
---
155 244
109 14
67 11
---
240 8
22 8
269 8
---
3 13
848 11
274 10
---
1671 122
1670 58
5 13
---
1233 139
213 12
1232 11
---
12 12
375 12
112 11
---
359 10
522 9
395 8
---
197 187
184 9
99 8
---
709 157
312 10
507 10
---
6 11
173 10
691 9
---
0 13
93 11
210 10
---
3600 79
39 11
544 10
---
2951 94
2950 19
66 11
---
670 10
0 10
1094 9
---
303 14
118 11
40 10
---
2193 123
568 13
278 13
---
476 234
475 54
383 13
---
161 16
0 11
83 10
---
28 11
878 11
176 11
---
3503 50
240 11
183 10
---
602 252
84 12
541 12
---
266 10
503 8
0 8
---
12 14
182 13
285 11
---
4489 71
21 11
492 10
---
3335 33
3336 27
267 12
---
189 13
106 12
62 11
---
742 12
36 12
10 11
---
69 180
68 81
160 10
---
2968 45
2969 42
27 11
---
64 16
514 9
840 9
---
642 9
174 8
124 8
---
2578 67
543 10
58 9
---
1317 198
1211 12
334 9
---
11 13
119 12
0 11
---
110 13
74 11
69 11
---
3200 48
67 13
235 13
---
3508 52
93 13
8 12
---
0 13
316 13
74 11
---
468 15
149 10
55 10
---
1509 80
1510 25
239 13
---
2007 129
2006 110
165 11
---
170 9
961 8
1107 8
---
527 11
76 11
81 9
---
2810 57
2809 12
93 12
---
3021 92
302 16
1164 11
---
41 11
16 11
397 10
---
73 11
0 9
108 9
---
1655 62
76 14
468 12
---
3386 56
21 12
138 10
---
187 14
431 12
406 11
---
33 10
159 10
463 8
---
4173 52
4174 9
934 8
---
2264 71
900 9
699 9
---
44 10
74 9
1820 9
---
95 12
951 8
45 8
---
3021 41
3020 20
67 10
---
944 70
945 57
193 10
---
272 9
863 8
933 8
---
464 11
27 11
576 10
---
3568 45
131 12
74 11
---
696 84
695 74
57 12
---
215 11
462 11
426 10
---
137 11
490 8
83 8
---
3807 19
0 13
8 12
---
2981 72
282 10
272 9
---
7 11
28 11
27 11
---
76 9
226 9
2252 8
---
2000 141
288 11
1999 9
---
2475 59
2476 43
51 8
---
259 9
462 9
96 8
---
73 11
28 11
94 11
---
2069 101
2068 18
431 10
---
4596 34
0 9
3 9
---
170 12
224 11
166 8
---
265 10
739 10
56 9
---
138 183
137 52
112 9
---
1246 82
1245 62
0 13
---
0 11
66 10
429 9
---
16 12
47 11
92 11
---
4810 29
4811 29
59 14
---
4398 69
0 12
71 10
---
73 14
406 13
569 11
---
126 13
241 12
518 11
---
2198 109
2199 26
562 11
---
1014 105
1015 33
27 10
---
115 9
513 8
25 8
---
29 13
23 8
194 8
---
436 111
15 11
437 10
---
4245 33
4246 30
75 11
---
67 12
552 10
133 10
---
42 11
12 10
460 10
---
823 109
824 86
244 11
---
2348 113
139 10
272 9
---
75 11
636 10
134 9
---
39 10
591 9
254 8
---
2972 97
2973 20
31 13
---
2312 98
0 12
251 12
---
68 10
216 10
92 10
---
89 10
149 10
508 9
---
1063 139
10 12
143 11
---
4036 89
89 12
1541 10
---
556 10
150 9
62 8
---
144 12
93 9
1047 8
---
3404 58
3405 17
799 9
---
3827 49
3828 29
141 11
---
140 13
44 12
202 11
---
89 15
31 14
95 13
---
3605 46
3604 16
45 10
---
2460 115
137 10
18 9
---
217 10
137 9
19 9
---
8 11
113 10
410 9
---
1832 57
1833 20
347 12
---
2129 59
2128 48
193 11
---
73 12
119 11
0 11
---
33 12
28 10
142 9
---
803 142
802 21
707 10
---
2095 94
2096 43
406 11
---
29 11
15 10
1480 10
---
97 9
724 9
955 8
---
1456 66
1457 22
40 9
---
1958 93
1959 27
0 12
---
21 11
42 10
101 7
---
49 13
98 11
1302 9
---
832 142
38 19
831 16
---
2559 47
15 12
272 9
---
62 14
395 10
137 10
---
233 10
669 9
148 8
---
1432 161
1431 16
65 12
---
2666 29
2665 26
1058 13
---
168 9
2799 9
564 9
---
22 13
497 12
390 12
---
3433 43
348 14
3432 11
---
1629 60
1630 51
386 13
---
69 12
334 10
10 10
---
531 9
283 9
1079 8
---
1925 57
1924 54
35 12
---
1251 68
1252 53
285 14
---
71 10
133 8
164 8
---
241 11
67 9
451 8
---
85 228
200 10
195 8
---
4184 41
4183 40
497 11
---
269 9
348 8
163 8
---
184 11
2 9
231 8
---
1208 86
1207 61
191 9
---
1942 68
805 9
43 9
---
91 15
64 12
240 9
---
59 10
679 10
1119 10
---
1262 132
1261 41
310 12
---
892 54
893 51
54 11
---
475 10
248 9
202 9
---
Time used = 28.13
